1964778752979887222739789
8759189989991999115121999
2916817799179797949192724
3429492714828168979771398
7956995159237939293319975
6894733223797749829183642
2759239975966982742446721
4871846878568885679911989
7999959169281333751174889
9673899872976699541997289
2189799897986439761837888
9938386946518957531699878
4275189819452758426829188
7839191997723839711989597
9991932961553536898969691
9689481119559879668959932
7893891719779792989279958
9229398293621962999951889
8114755891869969978798891
5972439691937789543995348
9999878284296198978291425
8995172699256977369819859
5964929613931779238784627
9329999971496358947166338
7271975999674778999171971